<class 'UnicodeDecodeError'>, 2023-09-29 20:38:37.965696@TARS_TLM:0;67;79;23;38;40;62;24;8;53;19;0;35;42;62;27;
, 2023-09-29 20:38:38.584254@TARS_TLM:0;83;7;79;70;82;33;19;9;47;40;33;69;18;26;25;
, 2023-09-29 20:38:38.689140@TARS_TLM:0;7;56;32;37;80;63;19;19;9;21;37;2;73;36;65;
, 2023-09-29 20:38:38.797348@TARS_TLM:0;65;38;31;24;67;71;83;88;64;28;50;84;26;30;13;
, 2023-09-29 20:38:38.898867@TARS_TLM:0;52;16;9;44;71;73;27;18;78;43;58;61;25;43;15;
, 2023-09-29 20:38:39.006107@TARS_TLM:0;4;23;36;5;29;15;34;9;31;47;5;15;44;81;78;
, 2023-09-29 20:38:39.102914@TARS_TLM:0;48;53;5;52;42;26;16;87;38;54;21;27;11;68;47;
, 2023-09-29 20:38:39.211320@TARS_TLM:0;8;37;27;84;84;59;11;5;15;75;68;52;79;8;62;
, 2023-09-29 20:38:39.313366@TARS_TLM:0;0;37;24;28;25;18;23;70;46;42;52;25;22;82;37;
, 2023-09-29 20:38:39.418877@TARS_TLM:0;81;45;52;51;11;80;51;68;87;46;20;50;49;35;16;
, 2023-09-29 20:38:39.527712@TARS_TLM:0;62;28;15;39;84;83;79;50;55;6;63;56;83;80;18;
, 2023-09-29 20:38:39.6294667, 2023-09-29 20:38:41.949189@TARS_TLM:0;67;79;23;38;40;62;24;8;53;19;0;35;42;62;27;
, 2023-09-29 20:38:42.569818@TARS_TLM:0;83;7;79;70;82;33;19;9;47;40;33;69;18;26;25;
, 2023-09-29 20:38:42.676657@TARS_TLM:0;7;56;32;37;80;63;19;19;9;21;37;2;73;36;65;
, 2023-09-29 20:38:42.779008@TARS_TLM:0;65;38;31;24;67;71;83;88;64;28;50;84;26;30;13;
, 2023-09-29 20:38:42.891552@TARS_TLM:0;52;16;9;44;71;73;27;18;78;43;58;61;25;43;15;
, 2023-09-29 20:38:42.992461@TARS_TLM:0;4;23;36;5;29;15;34;9;31;47;5;15;44;81;78;
, 2023-09-29 20:38:43.089254@TARS_TLM:0;48;53;5;52;42;26;16;87;38;54;21;27;11;68;47;
, 2023-09-29 20:38:43.197161@TARS_TLM:0;8;37;27;84;84;59;11;5;15;75;68;52;79;8;62;
, 2023-09-29 20:38:43.303540@TARS_TLM:0;0;37;24;28;25;18;23;70;46;42;52;25;22;82;37;
, 2023-09-29 20:38:43.404398@TARS_TLM:0;81;45;52;51;11;80;51;68;87;46;20;50;49;35;16;
, 2023-09-29 20:38:43.511284@TARS_TLM:0;62;28;15;39;84;83;79;50;55;6;63;56;83;80;18;
, 2023-09-29 20:38:43.611823@TARS_TLM:0;64;60;74;16;34;26;24;43;18;64;70;80;9;43;87;
, 2023-09-29 20:38:43.716990@TARS_TLM:0;85;37;62;9;47;45;46;85;13;70;14;38;55;75;15;
, 2023-09-29 20:38:43.824835@TARS_TLM:0;74;52;41;69;12;84;25;8;56;42;45;61;23;59;37;
, 2023-09-29 20:38:43.930180@TARS_TLM:0;3;67;35;80;62;21;18;7;61;45;85;38;5;36;57;
, 2023-09-29 20:38:44.029204@TARS_TLM:0;19;4;81;66;61;22;80;14;4;35;69;37;45;73;89;
, 2023-09-29 20:38:44.139813@TARS_TLM:0;50;55;75;66;63;82;86;58;9;51;24;68;78;77;81;
, 2023-09-29 20:38:44.239045@TARS_TLM:0;9;63;41;21;64;59;85;29;30;79;13;64;10;87;75;
, 2023-09-29 20:38:44.344060@TARS_TLM:0;57;75;80;86;14;87;48;24;80;60;16;62;4;87;14;
, 2023-09-29 20:38:44.446833@TARS_TLM:0;41;58;45;68;89;39;49;3;13;77;27;83;2;15;36;
, 2023-09-29 20:38:44.548964@TARS_TLM:0;53;4;70;26;60;84;20;45;16;38;15;33;47;86;38;
, 2023-09-29 20:38:44.655860@TARS_TLM:0;66;77;1;68;54;69;27;83;71;40;82;13;77;81;68;
, 2023-09-29 20:38:44.758983@TARS_TLM:0;69;3;27;64;18;30;64;80;85;57;20;40;45;66;7;
, 2023-09-29 20:38:44.865960@TARS_TLM:0;38;60;76;55;27;83;74;53;20;54;88;57;45;9;85;
, 2023-09-29 20:38:44.967852@TARS_TLM:0;23;42;7;73;79;57;57;59;15;63;63;63;18;55;38;
, 2023-09-29 20:38:45.076401@TARS_TLM:0;79;36;20;14;42;63;13;87;70;30;51;70;13;50;70;
, 2023-09-29 20:38:45.176889@TARS_TLM:0;3;38;23;56;10;4;50;49;62;34;19;82;89;71;0;
, 2023-09-29 20:38:45.280133@TARS_TLM:0;19;73;70;60;13;50;61;39;68;66;29;60;61;26;54;
, 2023-09-29 20:38:45.384947@TARS_TLM:0;84;8;66;51;24;80;8;51;80;23;21;21;35;30;58;
, 2023-09-29 20:38:45.487544@TARS_TLM:0;44;59;3;50;65;32;3;58;47;58;30;24;45;67;61;
, 2023-09-29 20:38:45.591796@TARS_TLM:0;30;6;50;53;63;5;20;32;23;32;17;21;50;50;89;
, 2023-09-29 20:38:45.697423@TARS_TLM:0;27;11;87;44;35;11;87;38;32;15;4;65;53;80;61;
, 2023-09-29 20:38:45.800226@TARS_TLM:0;59;4;55;19;13;89;16;26;4;20;78;82;30;6;70;
, 2023-09-29 20:38:45.906750@TARS_TLM:0;17;42;19;68;51;81;86;41;31;58;21;41;15;30;40;
, 2023-09-29 20:38:46.013941@TARS_TLM:0;68;63;77;10;61;83;4;13;7;7;35;71;82;26;86;
, 2023-09-29 20:38:46.112649@TARS_TLM:0;85;54;41;7;31;43;24;78;46;51;35;40;76;5;3;
, 2023-09-29 20:38:46.223137@TARS_TLM:0;31;0;51;19;65;57;66;8;5;64;77;9;56;76;66;
, 2023-09-29 20:38:46.317502@TARS_TLM:0;76;87;20;64;21;30;38;51;14;28;58;34;85;17;69;
, 2023-09-29 20:38:46.434431@TARS_TLM:0;8;4;45;78;88;89;54;47;60;64;40;26;75;3;68;
, 2023-09-29 20:38:46.528803@TARS_TLM:0;45;61;72;84;16;67;15;25;0;75;2;80;27;17;79;
, 2023-09-29 20:38:46.632327@TARS_TLM:0;57;15;3;19;9;34;49;51;35;59;28;53;30;69;80;
, 2023-09-29 20:38:46.739308@TARS_TLM:0;7;86;68;53;38;56;61;29;16;47;88;19;27;75;15;
, 2023-09-29 20:38:46.849733@TARS_TLM:0;2;14;39;74;84;87;19;65;35;6;51;25;89;41;63;
, 2023-09-29 20:38:46.946717@TARS_TLM:0;28;88;89;44;3;29;55;11;47;74;85;41;4;36;50;
, 2023-09-29 20:38:47.055992@TARS_TLM:0;73;2;12;61;34;77;7;10;59;85;37;12;49;27;6;
, 2023-09-29 20:38:47.156968@TARS_TLM:0;38;52;59;69;8;83;77;81;62;16;21;37;26;55;70;
, 2023-09-29 20:38:47.268046@TARS_TLM:0;84;25;61;12;43;17;2;4;1;68;32;16;70;23;89;
, 2023-09-29 20:38:47.361044@TARS_TLM:0;44;49;76;35;61;63;42;16;39;80;70;63;89;55;3;
, 2023-09-29 20:38:47.481876@TARS_TLM:0;11;31;82;56;19;31;29;80;76;71;17;63;58;27;0;
, 2023-09-29 20:38:47.580825@TARS_TLM:0;23;6;59;51;14;41;64;36;31;30;22;34;80;34;33;
, 2023-09-29 20:38:47.675672@TARS_TLM:0;81;37;69;14;77;40;11;31;65;2;82;12;74;19;27;
, 2023-09-29 20:38:47.787265@TARS_TLM:0;27;32;50;49;60;27;11;86;0;89;62;19;26;10;22;
, 2023-09-29 20:38:47.890457@TARS_TLM:0;27;32;50;49;60;27;11;86;0;89;62;19;26;10;22;
, 2023-09-29 20:38:47.991638, 2023-09-29 20:38:52.286365@TARS_TLM:0;67;79;23;38;40;62;24;8;53;19;0;35;42;62;27;
, 2023-09-29 20:38:52.905038@TARS_TLM:0;83;7;79;70;82;33;19;9;47;40;33;69;18;26;25;
, 2023-09-29 20:38:53.009326@TARS_TLM:0;7;56;32;37;80;63;19;19;9;21;37;2;73;36;65;
, 2023-09-29 20:38:53.112237@TARS_TLM:0;65;38;31;24;67;71;83;88;64;28;50;84;26;30;13;
, 2023-09-29 20:38:53.222392@TARS_TLM:0;52;16;9;44;71;73;27;18;78;43;58;61;25;43;15;
, 2023-09-29 20:38:53.330827@TARS_TLM:0;4;23;36;5;29;15;34;9;31;47;5;15;44;81;78;
, 2023-09-29 20:38:53.427283@TARS_TLM:0;48;53;5;52;42;26;16;87;38;54;21;27;11;68;47;
, 2023-09-29 20:38:53.532054@TARS_TLM:0;8;37;27;84;84;59;11;5;15;75;68;52;79;8;62;
, 2023-09-29 20:38:53.637509@TARS_TLM:0;0;37;24;28;25;18;23;70;46;42;52;25;22;82;37;
, 2023-09-29 20:38:53.739384@TARS_TLM:0;81;45;52;51;11;80;51;68;87;46;20;50;49;35;16;
, 2023-09-29 20:38:53.844585@TARS_TLM:0;62;28;15;39;84;83;79;50;55;6;63;56;83;80;18;
, 2023-09-29 20:38:53.947250@TARS_TLM:0;64;60;74;16;34;26;24;43;18;64;70;80;9;43;87;
, 2023-09-29 20:38:54.053519@TARS_TLM:0;85;37;62;9;47;45;46;85;13;70;14;38;55;75;15;
, 2023-09-29 20:38:54.159106@TARS_TLM:0;74;52;41;69;12;84;25;8;56;42;45;61;23;59;37;
, 2023-09-29 20:38:54.259876@TARS_TLM:0;3;67;35;80;62;21;18;7;61;45;85;38;5;36;57;
, 2023-09-29 20:38:54.367202@TARS_TLM:0;19;4;81;66;61;22;80;14;4;35;69;37;45;73;89;
, 2023-09-29 20:38:54.471494@TARS_TLM:0;50;55;75;66;63;82;86;58;9;51;24;68;78;77;81;
, 2023-09-29 20:38:54.575227@TARS_TLM:0;9;63;41;21;64;59;85;29;30;79;13;64;10;87;75;
, 2023-09-29 20:38:54.677264@TARS_TLM:0;57;75;80;86;14;87;48;24;80;60;16;62;4;87;14;
, 2023-09-29 20:38:54.781555@TARS_TLM:0;41;58;45;68;89;39;49;3;13;77;27;83;2;15;36;
, 2023-09-29 20:38:54.884136@TARS_TLM:0;53;4;70;26;60;84;20;45;16;38;15;33;47;86;38;
, 2023-09-29 20:38:54.989717@TARS_TLM:0;66;77;1;68;54;69;27;83;71;40;82;13;77;81;68;
, 2023-09-29 20:38:55.101121@TARS_TLM:0;69;3;27;64;18;30;64;80;85;57;20;40;45;66;7;
, 2023-09-29 20:38:55.205102@TARS_TLM:0;38;60;76;55;27;83;74;53;20;54;88;57;45;9;85;
, 2023-09-29 20:38:55.305696@TARS_TLM:0;23;42;7;73;79;57;57;59;15;63;63;63;18;55;38;
, 2023-09-29 20:38:55.407470@TARS_TLM:0;79;36;20;14;42;63;13;87;70;30;51;70;13;50;70;
, 2023-09-29 20:38:55.512834@TARS_TLM:0;3;38;23;56;10;4;50;49;62;34;19;82;89;71;0;
, 2023-09-29 20:38:55.617685@TARS_TLM:0;19;73;70;60;13;50;61;39;68;66;29;60;61;26;54;
, 2023-09-29 20:38:55.727104@TARS_TLM:0;84;8;66;51;24;80;8;51;80;23;21;21;35;30;58;
, 2023-09-29 20:38:55.822977@TARS_TLM:0;44;59;3;50;65;32;3;58;47;58;30;24;45;67;61;
, 2023-09-29 20:38:55.934234@TARS_TLM:0;30;6;50;53;63;5;20;32;23;32;17;21;50;50;89;
, 2023-09-29 20:38:56.031565@TARS_TLM:0;27;11;87;44;35;11;87;38;32;15;4;65;53;80;61;
, 2023-09-29 20:38:56.139746@TARS_TLM:0;59;4;55;19;13;89;16;26;4;20;78;82;30;6;70;
, 2023-09-29 20:38:56.237465@TARS_TLM:0;17;42;19;68;51;81;86;41;31;58;21;41;15;30;40;
, 2023-09-29 20:38:56.350496@TARS_TLM:0;68;63;77;10;61;83;4;13;7;7;35;71;82;26;86;
, 2023-09-29 20:38:56.455580@TARS_TLM:0;85;54;41;7;31;43;24;78;46;51;35;40;76;5;3;
, 2023-09-29 20:38:56.557206@TARS_TLM:0;31;0;51;19;65;57;66;8;5;64;77;9;56;76;66;
, 2023-09-29 20:38:56.655771@TARS_TLM:0;76;87;20;64;21;30;38;51;14;28;58;34;85;17;69;
, 2023-09-29 20:38:56.762212@TARS_TLM:0;8;4;45;78;88;89;54;47;60;64;40;26;75;3;68;
, 2023-09-29 20:38:56.864274@TARS_TLM:0;45;61;72;84;16;67;15;25;0;75;2;80;27;17;79;
, 2023-09-29 20:38:56.972128@TARS_TLM:0;57;15;3;19;9;34;49;51;35;59;28;53;30;69;80;
, 2023-09-29 20:38:57.079371@TARS_TLM:0;7;86;68;53;38;56;61;29;16;47;88;19;27;75;15;
, 2023-09-29 20:38:57.180061@TARS_TLM:0;2;14;39;74;84;87;19;65;35;6;51;25;89;41;63;
, 2023-09-29 20:38:57.281587@TARS_TLM:0;28;88;89;44;3;29;55;11;47;74;85;41;4;36;50;
, 2023-09-29 20:38:57.387328@TARS_TLM:0;73;2;12;61;34;77;7;10;59;85;37;12;49;27;6;
, 2023-09-29 20:38:57.491400@TARS_TLM:0;38;52;59;69;8;83;77;81;62;16;21;37;26;55;70;
, 2023-09-29 20:38:57.596918@TARS_TLM:0;84;25;61;12;43;17;2;4;1;68;32;16;70;23;89;
, 2023-09-29 20:38:57.705280@TARS_TLM:0;44;49;76;35;61;63;42;16;39;80;70;63;89;55;3;
, 2023-09-29 20:38:57.808632@TARS_TLM:0;11;31;82;56;19;31;29;80;76;71;17;63;58;27;0;
, 2023-09-29 20:38:57.908021@TARS_TLM:0;23;6;59;51;14;41;64;36;31;30;22;34;80;34;33;
, 2023-09-29 20:38:58.010648@TARS_TLM:0;81;37;69;14;77;40;11;31;65;2;82;12;74;19;27;
, 2023-09-29 20:38:58.116594@TARS_TLM:0;27;32;50;49;60;27;11;86;0;89;62;19;26;10;22;
, 2023-09-29 20:38:58.219895@TARS_TLM:0;78;34;64;78;0;71;35;21;21;41;45;11;87;80;48;
, 2023-09-29 20:38:58.322801@TARS_TLM:0;75;13;7;29;26;63;81;35;68;60;9;82;34;63;13;
, 2023-09-29 20:38:58.426912@TARS_TLM:0;69;30;5;75;14;44;33;18;32;22;16;64;80;40;0;
, 2023-09-29 20:38:58.533356@TARS_TLM:0;48;81;27;46;17;21;4;28;21;38;5;43;81;19;63;
, 2023-09-29 20:38:58.637585@TARS_TLM:0;9;51;20;84;49;50;70;10;73;12;48;22;64;18;43;
, 2023-09-29 20:38:58.740171@TARS_TLM:0;65;60;50;6;27;0;7;73;63;72;41;84;30;10;48;
, 2023-09-29 20:38:58.841905@TARS_TLM:0;7;33;88;84;25;62;59;10;79;88;50;75;33;15;35;
, 2023-09-29 20:38:58.948691@TARS_TLM:0;64;15;1;31;26;11;39;13;44;87;39;28;20;7;85;
, 2023-09-29 20:38:59.056244@TARS_TLM:0;8;74;42;85;20;77;0;77;86;28;52;43;59;0;13;
, 2023-09-29 20:38:59.155068@TARS_TLM:0;68;63;51;80;30;38;0;24;27;36;41;86;61;34;69;
, 2023-09-29 20:38:59.266200@TARS_TLM:0;6;24;72;28;14;34;19;28;11;40;53;77;54;83;44;
, 2023-09-29 20:38:59.366222@TARS_TLM:0;88;71;2;48;63;39;29;29;86;41;67;23;59;58;4;
, 2023-09-29 20:38:59.473903@TARS_TLM:0;0;66;73;64;56;49;27;64;29;64;81;89;16;77;10;
, 2023-09-29 20:38:59.582024@TARS_TLM:0;89;67;73;11;35;16;4;45;61;2;88;28;20;57;27;
, 2023-09-29 20:38:59.676521@TARS_TLM:0;19;6;80;1;52;23;22;1;81;10;21;3;18;60;50;
, 2023-09-29 20:38:59.786106@TARS_TLM:0;39;54;52;54;10;42;59;27;89;32;72;73;31;3;2;
, 2023-09-29 20:38:59.887653@TARS_TLM:0;1;26;48;11;10;36;80;64;59;9;64;35;10;46;9;
, 2023-09-29 20:38:59.992098@TARS_TLM:0;70;68;78;22;18;80;62;20;9;15;73;25;49;78;59;
, 2023-09-29 20:39:00.101481@TARS_TLM:0;41;72;78;54;0;81;70;28;51;54;29;35;69;70;72;
, 2023-09-29 20:39:00.199501@TARS_TLM:0;83;25;9;0;51;23;26;49;70;64;60;2;44;84;51;
, 2023-09-29 20:39:00.303804@TARS_TLM:0;79;0;62;41;65;54;9;60;52;30;53;28;42;81;66;
, 2023-09-29 20:39:00.405957@TARS_TLM:0;68;43;2;59;7;33;34;38;66;21;1;55;46;89;68;
, 2023-09-29 20:39:00.519462@TARS_TLM:0;30;82;82;6;7;66;81;12;71;23;36;35;37;23;16;
, 2023-09-29 20:39:00.615148@TARS_TLM:0;33;62;45;10;33;57;63;15;39;61;28;64;60;78;89;
, 2023-09-29 20:39:00.721495@TARS_TLM:0;25;8;82;23;82;26;26;76;3;14;14;82;69;22;88;
, 2023-09-29 20:39:00.822741@TARS_TLM:0;89;12;45;86;87;52;48;80;40;68;72;45;28;40;73;
, 2023-09-29 20:39:00.931481@TARS_TLM:0;82;83;13;42;61;69;61;56;13;59;1;87;79;46;46;
, 2023-09-29 20:39:01.039547@TARS_TLM:0;16;14;34;74;55;47;46;47;37;20;72;51;61;44;23;
, 2023-09-29 20:39:01.137149@TARS_TLM:0;7;24;64;3;50;7;29;39;19;14;84;81;32;59;14;
, 2023-09-29 20:39:01.247226@TARS_TLM:0;27;53;40;9;20;33;1;1;5;63;89;56;63;1;58;
, 2023-09-29 20:39:01.340184@TARS_TLM:0;61;33;50;78;67;16;52;29;31;14;21;62;65;0;24;
, 2023-09-29 20:39:01.451662@TARS_TLM:0;72;26;87;76;43;4;31;69;85;19;88;38;8;87;63;
, 2023-09-29 20:39:01.553578@TARS_TLM:0;28;38;9;36;38;86;89;45;29;36;68;86;69;4;77;
, 2023-09-29 20:39:01.656315@TARS_TLM:0;56;28;21;13;88;80;88;61;41;68;87;76;31;88;28;
, 2023-09-29 20:39:01.769449@TARS_TLM:0;33;55;86;8;28;19;59;73;57;12;23;28;43;25;51;
, 2023-09-29 20:39:01.865830@TARS_TLM:0;45;74;52;32;19;11;5;68;48;20;84;70;48;15;15;
, 2023-09-29 20:39:01.970320@TARS_TLM:0;29;45;87;67;13;7;46;4;53;25;54;55;36;69;74;
, 2023-09-29 20:39:02.072856@TARS_TLM:0;13;86;53;4;57;44;50;37;45;70;22;75;84;62;61;
, 2023-09-29 20:39:02.181765@TARS_TLM:0;55;21;26;40;70;42;83;40;35;20;55;7;4;8;60;
, 2023-09-29 20:39:02.290729@TARS_TLM:0;16;70;15;59;82;48;13;57;6;82;69;68;85;29;62;
, 2023-09-29 20:39:02.388745@TARS_TLM:0;25;45;79;31;51;14;4;52;6;13;56;49;31;20;84;
, 2023-09-29 20:39:02.489686@TARS_TLM:0;85;88;2;21;26;20;58;44;37;58;21;17;10;14;16;
, 2023-09-29 20:39:02.604775@TARS_TLM:0;49;75;73;72;89;74;21;86;76;20;52;53;53;25;38;
, 2023-09-29 20:39:02.703800@TARS_TLM:0;31;58;71;41;73;60;47;42;43;5;38;83;15;26;31;
, 2023-09-29 20:39:02.803076@TARS_TLM:0;7;29;2;4;18;73;9;76;34;57;47;23;81;7;24;
, 2023-09-29 20:39:02.907541@TARS_TLM:0;89;86;49;88;20;73;26;86;75;54;32;3;31;72;11;
, 2023-09-29 20:39:03.026009@TARS_TLM:0;82;65;76;84;68;40;61;20;55;54;82;6;37;9;55;
, 2023-09-29 20:39:03.115403@TARS_TLM:0;19;41;20;88;89;59;27;9;66;19;60;25;17;2;52;
, 2023-09-29 20:39:03.218876@TARS_TLM:0;80;51;25;80;35;76;74;55;52;3;0;56;44;87;41;
, 2023-09-29 20:39:03.323113@TARS_TLM:0;51;88;25;2;80;41;61;52;24;75;55;42;3;62;13;
, 2023-09-29 20:39:03.426434